1757804401,0.6,12390,54
1757808001,0,11904,20
1757811601,0.6,5433,69
1757815201,0,9633,6
1757818801,0,8363,4
1757822401,0,8363,4
1757826001,0,8401,6
1757833201,0,8363,4
1757836801,0,8363,4
1757840401,1.2,8553,54
1757844001,0,8363,4
1757847601,0,8363,4
1757851201,0,12116,7
1757854802,0,8363,4
1757858401,0,8363,4
1757862001,0,10931,5
1757865601,0,8363,4
1757869201,0,8363,4
1757872801,0,8363,4
1757876401,0,8363,4
1757880001,0,8363,4
1757883601,0,8364,4
1757887201,0,8362,4
1757890801,0,8364,4
1757894401,4.8,12452,130
1757898001,19.2,12468,595
1757901601,6.6,12205,114
1757905201,4.8,12742,64
1757908801,1.8,12837,28
1757912402,2.4,13383,26
1757919601,6,9272,42
1757923201,2.4,14423,29
1757926801,3,9986,87
1757930401,1.8,13407,31
1757934002,1.8,15046,29
1757937601,3,14056,38
1757941201,2.4,13504,36
1757944802,3.6,13534,36
1757948401,3,14413,34
1757952001,2.4,13606,39
1757955601,2.4,14393,32
1757959201,1.2,13274,21
1757962801,2.4,13448,32
1757966401,2.4,13327,27
1757970002,1.2,12386,25
1757973601,1.8,13887,25
1757977202,1.8,14478,23
1757980801,3,15087,37
1757984401,3.6,7389,119
1757988001,2.4,14596,38
1757991601,2.4,14349,29
1757995201,1.2,12963,23
1757998801,1.8,14218,30
1758006001,2.4,15143,33
1758009601,2.4,12674,31
1758013201,2.4,9715,86
1758016802,1.8,13278,28
1758020401,2.4,15114,31
1758024001,1.8,14649,32
1758027601,2.4,16046,32
1758031202,1.8,13506,27
1758034801,2.4,15348,32
1758038401,2.4,14335,35
1758042002,1.8,14487,29
1758045601,0.6,12595,18
1758049201,1.8,14467,24
1758052801,1.8,15105,27
1758056401,1.8,14826,28
1758060001,1.8,14194,25
1758063601,2.4,15759,34
1758067201,1.8,15880,28
1758070801,3,6493,114
1758074401,1.8,15766,25
1758078001,1.8,14849,33
1758081602,1.8,14894,23
1758085201,1.8,13640,28
1758092401,2.4,16776,31
1758096001,3,14785,39
1758099601,3,10249,86
1758103201,1.8,14346,25
1758106801,1.8,15769,30
1758110401,1.8,16184,30
1758114001,3.6,16630,44
1758117601,1.8,14460,30
1758121201,1.8,14932,30
1758124801,1.8,13681,28
1758128401,1.8,13370,29
1758132001,1.2,13851,27
1758135601,2.4,15062,33
1758139201,1.8,14408,25
1758142801,1.8,16167,29
1758146401,2.4,14881,39
1758150001,3,16165,29
1758153601,2.4,17546,34
1758157201,2.4,6745,100
1758160801,1.8,15884,30
1758164401,2.4,15608,31
1758168001,1.8,14149,26
1758171601,5.4,8951,102
1758178802,1.2,13593,22
1758182401,2.4,16555,32
1758186001,3,10289,85
1758189601,2.4,14550,35
1758193201,3.6,13017,51
1758196801,7.8,7897,144
1758200401,7.2,7676,143
1758204001,7.8,7402,163
1758207601,9.6,7550,183
1758211201,6.6,7305,158
1758214801,9,7526,161
1758218401,7.2,7267,172
1758222001,24.6,7308,544
1758225601,13.8,8074,193
1758229201,9.6,7239,324
1758232801,13.8,7828,325
1758236401,7.8,7919,236
1758240001,17.4,7617,357
1758243602,12,6773,391
1758247202,6.6,7509,156
1758250801,2.4,13194,37
1758254401,3,15385,37
1758258001,1.8,14745,30
1758265201,2.4,15014,34
1758268801,1.2,12914,25
1758272401,3,10800,86
1758276001,1.8,14886,24
1758279601,1.8,14959,29
1758283201,1.8,16566,27
1758286801,1.8,14032,27
1758290401,2.4,15798,31
1758294001,2.4,14949,31
1758297601,1.2,12419,28
1758301201,1.8,14676,25
1758304801,2.4,15365,28
1758308402,1.2,14882,19
1758312001,1.8,14688,25
1758315601,1.8,14397,26
1758319201,1.8,15413,28
1758322801,1.2,13289,24
1758326401,1.8,16054,29
1758330001,3.6,6992,119
1758333601,2.4,15256,34
1758337201,2.4,15258,34
1758340801,2.4,10501,44
1758344401,3.6,12307,62
1758351601,2.4,16675,38
1758355201,2.4,15298,34
1758358801,3.6,11150,91
1758362401,1.8,13751,29
1758366001,2.4,14840,36
1758369601,1.2,15196,25
1758373201,2.4,15528,28
1758376801,2.4,15249,29
1758380401,1.2,13676,25
1758384001,2.4,14334,33
1758387601,2.4,17165,32
1758391201,2.4,14842,36
1758394801,2.4,15548,33
1758398401,1.2,13358,24
1758402001,2.4,15823,32
1758405601,2.4,16783,29
1758409201,1.8,14584,26
1758412801,1.8,15908,30
1758416401,2.4,6884,98
1758420002,1.8,14972,25
1758423601,1.8,14860,31
1758427201,1.8,14395,27
1758430801,1.2,12872,27
1758438001,1.8,13263,25
1758441602,1.8,16090,22
1758445201,3,10909,87
1758448801,0.6,12868,19
1758452401,2.4,15157,30
1758456001,2.4,17121,31
1758459601,1.8,15734,28
1758463201,2.4,14169,28
1758466801,1.8,15914,24
1758470401,1.8,14252,28
1758474001,1.2,13518,24
1758477601,1.8,15340,24
1758481202,2.4,15276,35
1758484801,1.2,12829,27
1758488401,1.2,14917,22
1758492001,1.2,13636,24
1758495601,1.8,15386,24
1758499201,1.2,16039,30
1758502801,1.8,13968,29
1758506401,2.4,7081,117
1758510001,1.8,15496,29
1758513601,1.8,15770,23
1758517201,1.2,13947,23
1758524401,2.4,17269,30
1758528001,2.4,16377,31
1758531601,3,10631,82
1758535201,1.2,13541,24
1758538801,1.8,15060,25
1758542401,1.8,16033,30
1758546001,2.4,17378,28
1758549601,2.4,15101,36
1758553201,1.8,16097,29
1758556801,2.4,15061,35
1758560401,1.8,16165,32
1758564002,1.8,16583,26
1758567601,2.4,15580,24
1758571201,1.2,13415,25
1758574801,1.8,14632,27
1758578401,1.2,15240,25
1758582001,1.8,15656,24
1758585601,1.8,16606,29
1758589201,2.4,16468,29
1758592801,3,7463,104
1758596401,0.6,13875,17
1758600001,1.2,14450,22
1758603601,1.8,16340,28
1758610802,1.2,15237,20
1758614401,1.2,15481,25
1758618001,3.6,11480,90
1758621602,2.4,17843,30
1758625201,3,17299,39
1758628801,1.8,18261,25
1758632401,1.8,15543,25
1758636001,2.4,16035,29
1758639601,1.2,14671,24
1758643201,1.8,15279,26
1758646801,1.2,18213,25
1758650401,1.8,15321,26
1758654001,1.8,17059,28
1758657601,1.8,15356,26
1758661201,2.4,20906,32
1758664801,1.8,15669,25
1758668401,1.8,20064,29
1758672001,3,19333,35
1758675601,1.8,19252,27
1758679201,2.4,6828,109
1758682801,1.8,13836,25
1758686401,1.8,17762,25
1758690001,1.2,13214,20
1758697201,1.8,19383,27
1758700801,1.2,14442,23
1758704401,2.4,10720,85
1758708001,1.2,15529,20
1758711601,1.8,16176,24
1758715201,1.8,17326,28
1758718801,1.2,14760,22
1758722401,1.2,15144,21
1758726001,3,16155,31
1758729601,1.8,17360,31
1758733201,1.8,19409,27
1758736801,1.2,13874,25
1758740401,1.8,17412,26
1758744001,1.8,16287,24
1758747601,1.8,15897,31
1758751201,1.8,17256,27
1758754801,1.8,17266,22
1758758402,1.8,18764,28
1758762001,1.2,15398,21
1758765601,2.4,7822,102
1758769201,1.8,13860,26
1758772801,1.8,16182,25
1758776401,2.4,20398,31
1758783601,1.2,18031,22
1758787201,2.4,20668,29
1758790801,3,11595,93
1758794401,1.8,17358,27
1758798001,0.6,18789,15
1758801601,2.4,19806,31
1758805201,1.8,16660,29
1758808801,3,17681,42
1758812401,1.8,17146,29
1758816001,1.2,14515,24
1758819601,1.8,16361,30
1758823201,1.8,19806,27
1758826801,1.2,17590,23
1758830402,1.8,18706,24
1758834001,1.2,16029,27
1758837601,3,22189,33
1758841201,1.8,18252,25
1758844801,1.8,18502,26
1758848401,1.2,13678,19
1758852001,3,7819,118
1758855601,1.8,16602,24
1758859201,1.2,17976,21
1758862802,1.2,15499,23
1758870001,1.8,18752,24
1758873602,1.8,17469,27
1758877201,2.4,10849,85
1758880801,1.2,18517,17
1758884401,1.2,21112,21
1758888001,2.4,18572,35
1758891601,1.8,17506,22
1758895201,2.4,18160,30
1758898801,1.2,19936,24
1758902401,2.4,18554,35
1758906001,2.4,18774,33
1758909601,1.2,15565,21
1758913201,1.2,18056,21
1758916801,2.4,22126,31
1758920401,1.8,16727,24
1758924001,2.4,16546,30
1758927601,1.8,17605,27
1758931201,1.8,22596,27
1758934801,1.8,17191,23
1758938401,3,8762,98
1758942001,0.6,15602,15
1758945601,1.8,20121,27
1758949201,1.8,19741,28
1758956401,2.4,17877,33
1758960001,1.2,17237,23
1758963601,3,11046,82
1758967202,1.2,13804,19
1758970801,1.2,15702,21
1758974401,1.8,16934,29
1758978001,1.2,15307,22
1758981601,1.8,19051,25
1758985201,2.4,21519,29
1758988801,1.8,16832,24
1758992401,1.8,15081,23
1758996002,1.2,13858,19
1758999601,1.8,21800,25
1759003201,1.8,22512,24
1759006801,2.4,19709,32
1759010401,1.2,16385,20
1759014001,1.8,16718,25
1759017601,1.8,19419,29
1759021201,2.4,18377,31
1759024801,1.8,18449,26
1759028401,3,8368,104
1759032001,1.8,16349,26
1759035601,1.8,18133,28
1759042801,1.8,19576,29
1759046401,2.4,24342,28
1759050001,2.4,11046,84
1759053601,1.8,15220,23
1759057201,0.6,17292,11
1759060801,1.8,19159,25
1759064401,1.2,13010,21
1759068001,1.8,18808,29
1759071601,1.2,15959,22
1759075201,1.8,16562,25
1759078801,1.8,16881,24
1759082401,2.4,19564,33
1759086001,1.8,20855,26
1759089601,1.8,17058,24
1759093201,1.2,18456,22
1759096801,1.8,20515,28
1759100401,1.8,16680,25
1759104001,1.2,20217,23
1759107601,2.4,21733,32
1759111201,1.8,17301,29
1759114801,2.4,7501,96
1759118401,1.8,19646,28
1759122001,1.8,19682,29
1759129201,1.8,16075,27
1759132801,1.2,14916,24
1759136401,3,14112,56
1759140002,2.4,13278,56
1759143601,2.4,20557,31
1759147201,1.8,19118,29
1759150801,0,0,0
1759154401,2.4,19080,34
1759158002,1.2,17714,19
1759161602,1.8,17340,24
1759165201,1.8,17234,24
1759168801,1.2,18142,23
1759172401,1.8,16858,25
1759176001,1.2,15711,22
1759179601,0.6,13193,10
1759183201,0.6,19333,11
1759186802,0.6,16906,8
1759190401,1.2,21534,18
1759194002,0.6,15856,9
1759197601,0.6,18340,7
1759201201,1.2,6100,84
1759204801,0.6,16912,8
1759208401,0.6,15237,10
1759215601,0,8362,4
1759219201,1.2,25395,15
1759222801,1.8,13642,43
1759226401,1.2,10299,40
1759230001,0.6,15922,7
1759233602,1.8,22230,21
1759237201,1.2,19696,18
1759240801,0.6,16964,8
1759244401,0,10929,5
1759248001,0,8391,6
1759251601,0,8361,4
1759255201,0.6,18560,12
1759258801,0,8361,4
1759262401,0.6,19703,11
1759266001,0.6,17118,8
1759269601,0.6,17148,8
1759273201,0.6,17224,8
1759276801,0.6,18881,13
1759280401,1.2,22072,12
1759284001,0,8361,4
1759287601,1.2,6722,77
1759291201,0.6,15302,10
1759294801,0,8201,7
1759302001,0,16321,7
1759305601,0.6,15515,10
1759309201,0.6,8532,32
1759312801,0.6,8609,36
1759316402,0.6,17288,8
1759320001,1.2,21107,15
1759323601,0.6,19921,11
1759327201,1.2,22899,17
1759330801,1.2,19578,22
1759334401,0.6,14588,9
1759338001,0,8361,4
1759341601,0.6,17313,8
1759345201,1.2,21469,14
1759348801,0.6,16351,7
1759352402,0.6,17354,8
1759356001,1.2,21921,19
1759359601,0,16499,7
1759363201,0,16755,10
1759366801,0.6,22188,11
1759370401,0,8361,4
1759374001,0.6,17400,14
1759377601,0.6,4423,79
1759381201,0.6,18829,14
1759388401,0,16529,7
1759392001,0.6,17512,8
1759395601,0.6,10545,36
1759399201,1.2,10412,40
1759402801,0,8362,4
1759406401,0,12183,7
1759410001,0,8362,4
1759413601,0,8361,4
1759417201,0,10929,5
1759420801,0,8391,6
1759424401,0.6,13760,10
1759428001,0.6,18773,9
1759431601,1.8,23023,16
1759435201,0.6,17579,8
1759438801,0,8361,4
1759442402,0.6,17622,8
1759446001,0.6,17633,8
1759449601,0,12183,7
1759453201,0,8362,4
1759456801,0.6,19498,15
1759460401,0.6,20436,11
1759464001,0.6,4466,69
1759467601,0.6,17813,14
1759474801,0.6,17685,8
1759478401,0,8361,4
1759482001,1.2,10849,38
1759485601,1.2,11564,44
1759489201,0,8361,4
1759492801,0,12183,7
1759496401,0.6,18875,9
1759500001,0.6,17943,12
1759503601,0.6,18065,9
1759507201,0,8391,6
1759510802,0,8362,4
1759514401,0,8361,4
1759518001,0,8361,4
1759521601,0,8361,4
1759525201,0,8361,4
1759528801,0.6,17738,8
1759532401,0.6,15629,10
1759536001,0,12183,7
1759539601,0,8361,4
1759543201,0.6,22505,11
1759546801,0.6,17738,8
1759550401,1.2,6298,86
1759554001,0.6,15943,10
1759561201,0.6,20283,10
1759564801,0.6,14909,11
1759568401,0.6,8531,32
1759572001,1.8,14287,50
1759575601,0,16875,7
1759579201,0,12183,7
1759582801,0.6,22585,11
1759586401,0.6,17808,8
1759590001,0.6,20261,16
1759593601,1.2,22645,22
1759597201,0.6,22715,17
1759600801,0.6,19678,12
1759604401,0,8361,4
1759608001,0,8361,4
1759611601,0.6,20491,10
1759615201,0,8362,4
1759618801,0,8361,4
1759622401,1.8,26212,26
1759626001,0,15810,8
1759629601,0.6,17984,8
1759633201,0,8362,4
1759636801,1.2,5434,93
1759640401,0,8399,6
1759647601,0.6,17999,8
1759651201,0.6,20979,11
1759654801,0.6,10658,36
1759658401,0.6,8609,36
1759662001,0.6,17997,14
1759665602,0,12183,7
1759669201,0,8361,4
1759672801,0,8360,4
1759676401,0.6,19391,10
1759680001,0.6,16092,10
1759683602,0,8362,4
1759687201,0,8362,4
1759690801,0.6,18059,8
1759694401,0,8362,4
1759698001,1.2,21745,15
1759701601,1.2,23929,18
1759705201,0,8362,4
1759708801,0,12183,7
1759712401,0,8361,4
1759716001,0.6,18847,15
1759719601,0.6,18127,8
1759723201,1.2,5491,97
1759726801,0,8399,6
1759734001,0.6,21148,11
1759737601,0,26615,7
1759741201,0.6,8532,32
1759744801,0.6,8609,36
1759748401,0,18997,6
1759752001,0,11050,9
1759755601,0,8361,4
1759759201,0.6,20866,8
1759762801,0.6,16688,11
1759766401,0.6,17346,7
1759770001,0.6,18222,8
1759773601,0.6,18235,8
1759777201,0,8360,4
1759780801,0.6,15239,11
1759784401,0,8360,4
1759788001,0.6,23065,15
1759791601,0.6,18296,8
1759795201,0,12183,7
1759798801,0,8361,4
1759802401,0.6,20990,8
1759806001,0,8361,4
1759809601,1.2,23271,15
1759813201,1.2,5529,80
1759820401,0,8361,4
1759824001,0,8361,4
1759827602,1.2,12001,41
1759831201,0.6,8609,36
1759834801,0,17508,7
1759838401,0.6,18071,11
1759842002,0,8362,4
1759845601,0.6,21070,8
1759849201,0,10929,5
1759852801,0,8391,6
1759856401,0.6,15301,11
1759860001,0.6,18407,8
1759863601,0,8362,4
1759867201,0,8361,4
1759870801,0,8360,4
1759874401,0.6,18410,8
1759878001,0.6,21529,11
1759881601,0,12188,7
1759885201,0,17615,7
1759888801,0,8361,4
1759892401,0,8362,4
1759896001,0.6,23545,11
1759899601,1.2,5432,84
1759906801,1.2,21521,17
1759910401,0.6,23148,11
1759914001,0.6,8530,32
1759917601,1.2,10437,42
1759921201,0,8362,4
1759924801,0,12188,7
1759928402,0.6,21160,8
1759932001,0.6,18436,8
1759935601,1.2,27232,17
1759939201,0,8391,6
1759942801,0.6,18498,8
1759946401,0,8361,4
1759950001,1.2,18997,19
1759953601,0,8362,4
1759957201,1.8,12318,31
1759960801,7.2,13316,90
1759964401,4.8,13639,70
1759968001,0.6,16639,11
1759971601,3.6,25296,11
1759975201,0.6,19911,14
1759978801,0.6,16444,8
1759982401,0,8362,4
1759986001,0.6,4562,77
1759993201,0.6,17667,17
1759996801,0.6,18624,8
1760000401,0.6,8531,32
1760004002,0.6,8608,36
1760007602,0,8362,4
1760011201,0,12195,7
1760014801,0.6,21316,8
1760018401,0.6,18656,8
1760022001,0,10929,5
1760025601,0.6,16603,10
1760029201,0.6,18830,14
1760032801,0,8362,4
1760036401,0,8362,4
1760040001,0,8361,4
1760043601,0,8361,4
1760047201,0,8360,4
1760050801,0,8361,4
1760054401,0.6,20331,11
1760058001,0.6,18748,8
1760061601,1.2,20951,17
1760065202,0.6,18774,8
1760068801,1.2,26732,12
1760072401,1.2,5562,98
1760079601,0,8361,4
1760083201,0.6,14882,12
1760086801,0.6,8532,32
1760090401,1.2,10754,39
1760094001,0.6,14890,12
1760097601,0,12199,7
1760101202,0,8360,4
1760104801,0,8362,4
1760108401,0,10929,5
1760112001,0.6,15011,10
1760115601,0,8362,4
1760119201,0.6,21520,8
1760122801,0.6,18895,8
1760126401,0,8361,4
1760130001,0,8361,4
1760133601,0,8362,4
1760137201,0,8361,4
1760140801,0,12199,7
1760144401,0.6,21849,14
1760148001,0,18230,7
1760151601,0.6,18964,8
1760155201,0.6,20823,11
1760158802,0,8399,6
1760166001,0.6,19040,8
1760169601,0.6,19045,8
1760173201,0.6,10997,35
1760176801,0.6,8566,37
1760180401,0.6,21179,12
1760184001,0.6,17661,14
1760187601,0.6,18283,7
1760191201,0.6,19056,8
1760194801,0.6,19369,9
1760198401,0.6,20427,13
1760202002,0.6,19180,8
1760205601,0.6,19168,8
1760209201,0,8362,4
1760212801,0,8362,4
1760216402,0,8362,4
1760220001,0,8362,4
1760223601,0.6,13573,15
1760227201,0.6,16933,13
1760230801,0,20413,6
1760234401,0,8092,5
1760238001,0,8361,4
1760241601,1.2,27266,17
1760245201,0,8398,6
1760252401,0.6,22739,11
1760256002,0,18564,7
1760259601,0.6,8532,32
1760263202,0.6,8609,36
1760266801,0,8362,4
1760270401,0.6,18755,11
1760274002,0.6,20344,9
1760277601,1.2,22696,17
1760281201,0,10930,5
1760284801,0.6,17127,10
1760288401,0,8362,4
1760292001,0.6,17114,10
1760295601,1.2,23673,15
1760299201,1.2,26232,13
1760302801,1.2,14234,22
1760306401,0.6,17950,9
1760310001,1.2,20438,13
1760313601,2.4,10552,50
1760317201,1.2,28718,15
1760320801,0.6,16051,9
1760324401,0.6,21535,12
1760328001,0.6,20722,14
1760331601,0.6,16388,9
1760338801,0,8363,4
1760342401,0.6,15998,11
1760346001,0.6,10575,35
1760349601,1.2,12563,44
1760353202,0.6,18655,7
1760356801,0.6,18808,11
1760360401,1.2,26328,15
1760364001,1.2,21947,17
1760367601,0,10929,5
1760371201,0,8362,4
1760374801,0,8361,4
1760378401,0.6,27614,8
1760382001,0.6,19140,16
1760385601,1.2,20923,17
1760389201,0,18813,7
1760392801,0.6,19521,8
1760396401,5.4,18197,33
1760400001,1.2,22469,16
1760403601,1.2,21054,17
1760407201,1.8,24454,29
1760410801,0.6,21618,11
1760414402,0.6,27698,8
1760418001,0.6,18361,16
1760425201,0,8361,4
1760428801,0.6,19656,8
1760432401,0.6,8532,32
1760436001,0.6,8609,36
1760439601,0,8362,4
1760443201,1.2,19139,16
1760446801,0.6,22402,8
1760450401,0,8362,4
1760454001,0,10221,7
1760457602,1.2,24776,20
1760461201,0.6,23415,11
1760464801,0,8362,4
1760468402,0.6,19667,8
1760472001,0,8362,4
1760475601,15,12280,115
1760479201,6,9147,106
1760482801,10.8,12896,117
1760486401,44.4,11604,267
1760490001,46.2,10093,192
1760493601,4.2,12795,62
1760497201,1.2,22378,13
1760500801,1.2,23516,14
1760504402,1.2,20253,14
1760511601,0.6,25356,9
1760515201,1.2,22234,12
1760518801,0.6,8531,32
1760522401,1.2,10793,41
1760526001,8.4,18441,9
1760529602,1.2,18201,12
1760533201,10.8,23771,17
1760536801,2.4,27418,20
1760540401,0.6,17006,12
1760544001,0,8362,4
1760547601,9.6,15198,25
1760551201,0,7791,7
1760554801,0,8362,4
1760562001,0.6,20885,12
1760565601,0,8361,4
1760572801,3,22641,26
1760576401,3,15908,40
1760580001,0,8360,4
1760583602,0,8362,4
1760587201,0,8361,4
1760590801,0,8399,6
1760598001,0,8361,4
1760601601,0.6,18641,9
1760605201,1.8,12752,40
1760608801,0.6,8609,36
1760612401,0,8361,4
1760616001,3.6,22458,23
1760619601,0,8362,4
1760626801,0.6,18038,11
1760630401,10.2,17235,31
1760634001,1.2,23928,10
1760637601,0.6,22248,8
1760641201,0,8362,4
1760648401,8.4,18874,48
1760652002,24,9524,143
1760655601,8.4,9471,101
1760659201,11.4,9291,149
1760662801,2.4,12923,39
1760666401,1.8,11448,33
1760670001,0.6,19554,7
1760673601,1.2,17276,12
1760677201,0,8399,6
1760684401,0,8361,4
1760688001,0,8362,4
1760691602,1.8,10974,37
1760695201,1.2,10550,39
1760698801,1.2,18497,9
1760702402,1.2,16810,12
1760706001,1.2,24150,12
1760709601,0.6,18545,9
1760713201,0.6,17328,10
1760716801,1.2,22411,12
1760720401,0,8362,4
1760724001,1.8,17442,10
1760727601,1.8,21696,15
1760731201,1.2,22442,12
1760734801,1.8,22769,17
1760738401,1.8,21314,13
1760742001,0.6,18625,9
1760745601,0,12220,7
1760749201,0,19412,7
1760752801,1.2,20996,9
1760756401,0,8361,4
1760760001,1.2,18631,9
1760763601,1.2,17755,10
1760770801,0,19455,7
1760774401,0,8361,4
1760778002,0.6,8531,32
1760781601,2.4,12708,45
1760785201,0,8361,4
1760788801,1.2,18300,14
1760792401,0,17908,8
1760796001,1.2,18673,9
1760799601,0,10929,5
1760803201,1.2,16810,11
1760806801,0,8360,4
1760810401,1.8,19824,16
1760814001,1.2,17565,10
1760817601,2.4,24973,16
1760821201,0.6,18726,9
1760824801,1.8,24114,11
1760828401,0,8361,4
1760832001,0,12220,7
1760835602,1.2,24582,13
1760839201,0.6,20290,8
1760842801,1.2,20292,8
1760846401,0,8361,4
1760850002,0,17225,9
1760857201,1.2,15916,12
1760860801,0,8361,4
1760864401,0.6,8531,32
1760868001,0.6,8607,36
1760871601,0,19745,7
1760875201,0,19031,10
1760878802,0.6,21274,9
1760882401,0,19745,7
1760886001,1.8,20929,15
1760889601,0.6,17072,9
1760893201,0,8361,4
1760896801,0,19876,7
1760900401,1.8,20783,14
1760904001,0,8361,4
1760907601,9,14279,20
1760911201,0.6,18336,8
1760914801,1.2,20159,16
1760918401,0,12220,7
1760922001,0.6,21398,9
1760925601,0,8362,4
1760929201,0,8360,4
1760932801,0,8362,4
1760936401,0.6,18095,10
1760943601,0.6,20534,8
1760947202,0.6,19052,9
1760950801,1.8,14291,44
1760954401,0.6,8608,36
1760958001,0,8361,4
1760961601,0,12220,7
1760965201,0.6,21443,9
1760968801,0,8361,4
1760972401,1.2,15992,14
1760976002,1.2,20508,8
1760979601,0.6,20546,8
1760983201,0.6,19108,9
1760986801,0,8361,4
1760990401,0,8362,4
1760994001,0.6,20710,8
1760997601,1.8,21305,15
1761001201,0.6,17247,11
1761004801,3,27326,36
1761008401,13.2,13832,145
1761012001,8.4,13463,185
1761015601,1.2,22321,13
1761019201,0,8362,4
1761022801,0,8398,6
1761030001,0.6,29012,8
1761033601,1.2,23581,12
1761037201,0.6,8530,32
1761040801,2.4,12476,46
1761044401,1.8,22977,18
1761048001,0.6,21191,10
1761051601,6,14202,122
1761055201,7.2,14630,161
1761058801,9,12319,80
1761062401,12.6,10527,182
1761066001,4.8,13395,104
1761069601,4.2,17072,115
1761073201,12.6,14881,265
1761076801,8.4,14220,244
1761080402,9,11893,108
1761084001,1.2,16605,21
1761087601,2.4,16329,26
1761091201,1.8,20940,17
1761094801,4.2,11516,68
1761098401,6.6,10114,96
1761102001,6,10750,97
1761105601,5.4,11310,90
1761109201,7.8,16188,64
1761116401,1.2,4422,89
1761120001,0,8361,4
1761123601,1.2,5657,98
1761127201,0.6,8609,36
1761130801,2.4,17179,29
1761134401,5.4,29089,42
1761138001,33.6,15992,57
1761141601,9,15165,61
1761145201,9,13592,97
1761148801,24.6,11070,159
1761152401,2.4,21104,16
1761156001,1.2,18268,12
1761159601,1.8,19183,20
1761163201,1.8,20326,17
1761166801,1.2,18857,12
1761170402,1.2,9684,38
1761174001,3,15819,34
1761177601,6.6,8785,135
1761181201,8.4,12785,168
1761184802,9.6,13881,207
1761188401,4.2,12127,102
1761192001,0,8361,4
1761195601,0,8399,6
1761202801,2.4,7295,119
1761206401,0,8361,4
1761210001,0.6,8531,32
1761213601,0.6,8608,36
1761217201,0.6,25896,10
1761220801,8.4,18465,43
1761224401,3,16204,65
1761228002,5.4,12183,161
1761231601,3,12121,80
1761235201,1.2,12030,33
1761238802,1.8,20484,17
1761242401,6.6,22805,53
1761246001,3.6,16050,45
1761249602,7.8,14243,151
1761253201,2.4,21578,59
1761256801,10.8,14875,337
1761260401,20.4,14318,501
1761264001,16.8,13714,435
1761267601,39,16110,788
1761271201,27,14372,522
1761274802,25.2,14090,575
1761278401,26.4,13573,560
1761282001,10.8,13804,281
1761289201,1.8,7501,99
1761292801,0.6,7748,8
1761296401,9.6,16140,50
1761300001,3,16324,45
1761303601,0,8361,4
1761307201,1.2,23017,15
1761310801,4.8,15663,69
1761314401,14.4,10843,317
1761318001,9,17252,153
1761321601,16.2,14028,131
1761325201,3,15666,62
1761328801,3,16027,50
1761332401,9,15073,80
1761336001,1.2,24191,18
1761339601,0,9730,6
1761343201,3.6,20104,38
1761346801,4.8,19344,70
1761350401,6,16330,125
1761354001,7.2,15148,156
1761357601,7.8,13582,198
1761361201,8.4,14046,105
1761364801,12,10746,351
1761368401,9,10916,291
1761375601,4.2,9492,135
1761379201,0,8361,4
1761382801,0.6,8531,32
1761386401,0.6,8608,36
1761390002,1.8,22422,14
1761393601,1.8,22742,26
1761397201,0.6,26585,15
1761400801,12,16913,34
1761404401,9,13790,142
1761408001,14.4,12403,243
1761411601,10.2,12391,202
1761415201,11.4,12869,275
1761418801,11.4,14318,175
1761422401,13.2,11868,136
1761426001,12.6,9334,157
1761429601,15,11072,249
1761433202,10.8,16842,89
1761436801,4.8,16764,101
1761440401,8.4,15255,114
1761444001,9.6,14204,228
1761447601,3.6,16875,78
1761451201,1.8,22130,31
1761454801,0.6,18645,9
1761462001,1.8,7504,66
1761465601,1.2,20306,9
1761469201,4.8,13512,58
1761472801,5.4,13029,143
1761476401,12.6,14930,327
1761480001,9,14779,183
1761483601,5.4,16298,136
1761487201,14.4,14905,238
1761490801,13.2,15274,126
1761494401,11.4,10075,113
1761498001,40.8,10234,137
1761501601,13.8,10814,161
1761505201,31.8,8754,175
1761508801,25.8,9630,207
1761512401,20.4,9354,164
1761516001,22.2,9378,222
1761519602,12,9652,140
1761523201,10.8,11604,130
1761526801,25.8,13206,447
1761530401,14.4,13516,124
1761534001,6.6,14482,93
1761537601,1.8,22133,24
1761541201,3,17721,39
1761548401,2.4,6103,81
1761552001,0,8360,4
1761555601,0.6,8531,32
1761559201,1.2,10877,40
1761562801,0.6,26943,10
1761566401,0,12291,7
1761570001,0.6,18448,9
1761573601,2.4,21816,35
1761577201,1.8,26753,22
1761580801,4.8,12994,129
1761584401,7.2,16242,166
1761588001,11.4,16568,113
1761591601,6,17651,132
1761595201,9.6,13834,170
1761598801,10.2,14022,161
1761602402,12,12660,199
1761606001,15,11910,165
1761609601,9,12721,157
1761613201,19.8,12420,261
1761616802,19.8,15960,361
1761620401,8.4,16037,100
1761624001,5.4,12397,84
1761627601,5.4,20537,54
1761634801,6.6,13203,113
1761638401,4.2,6636,145
1761642001,1.8,11374,38
1761645601,3,14149,50
1761649201,0,8308,4
1761652801,0,12291,7
1761656401,3,18379,19
1761660001,18,14178,42
1761663601,10.2,12986,54
1761667201,17.4,14853,191
1761670801,18,13422,229
1761674401,13.8,13079,298
1761678001,7.2,12961,157
1761681601,0.6,20050,8
1761685201,0,21956,7
1761688801,0,8362,4
1761692401,9.6,16617,145
1761696001,13.2,9958,210
1761699601,12,11166,309
1761703201,14.4,9639,245
1761706801,86.4,10670,238
1761710401,9.6,13610,127
1761714001,21.6,11871,325
1761721201,1.2,21885,15
1761724801,2.4,5807,94
1761728401,0.6,8531,32
1761732001,1.8,10990,44
1761735601,0,8361,4
1761739201,0,20679,10
1761742801,0,8362,4
1761746401,3.6,27866,27
1761750001,9,15955,169
1761753601,9.6,12774,199
1761757202,27.6,12976,435
1761760802,54.6,17034,747
1761764401,22.8,7916,301
1761768001,19.8,9293,222
1761771602,12.6,9425,255
1761775201,27.6,10689,310
1761778801,47.4,10353,297
1761782402,70.8,10718,427
1761786001,37.2,12413,499
1761789601,39.6,12738,329
1761793201,14.4,8183,207
1761796801,20.4,9213,250
1761800401,15,9164,225
1761807601,3,9743,67
1761811201,5.4,6660,153
1761814801,70.8,14597,92
1761818402,44.4,10264,196
1761822001,29.4,10666,170
1761825601,38.4,10473,221
1761829201,17.4,11005,122
1761832801,21.6,10595,140
1761836401,7.8,10517,93
1761840001,4.2,9342,81
1761843601,2.4,9429,77
1761847201,11.4,10186,112
1761850801,37.2,10254,236
1761854401,21.6,11304,124
1761858001,4.2,14965,49
1761861601,8.4,12687,59
1761865201,37.8,11057,179
1761868801,4.2,13325,57
1761872401,13.2,13451,272
1761876001,15,11545,263
1761879601,30.6,11237,478
1761883201,31.2,13558,472
1761886802,30,11210,367
1761894001,24,10649,359
1761897601,15.6,8525,273
1761901201,0.6,8531,32
1761904801,3,10663,49
1761908401,1.2,24555,13
1761912001,0,12291,7
1761915602,1.2,24866,18
1761919202,8.4,10672,183
1761922801,15,10854,292
1761926401,15.6,9817,242
1761930001,9,10897,223
1761933601,19.2,10513,420
1761937201,10.8,9953,163
1761940802,30.6,12498,418
1761944401,13.8,9030,229
1761948001,12,7617,191
1761951601,24,8729,521
1761955201,29.4,10649,664
1761958801,82.2,14467,444
1761962401,58.8,10429,243
1761966001,21.6,9199,153
1761969601,31.8,10195,198
1761973201,10.2,9695,112
1761980401,0,8361,4
1761984001,1.8,9096,83
1761987601,2.4,17460,47
1761991202,23.4,13340,83
1761994801,18,10021,157
1761998401,46.2,11058,203
1762002001,64.2,11671,225
1762005601,5.4,9614,131
1762009201,10.2,9850,224
1762012801,25.2,10249,178
1762016401,40.2,12363,579
1762020001,68.4,12914,477
1762023601,71.4,15561,596
1762027201,74.4,12059,484
1762030801,39,12487,289
1762034401,12,10566,245
1762038001,18,9989,439
1762041601,21.6,9162,277
1762045201,31.2,9560,377
1762048801,49.8,9935,623
1762052401,17.4,8679,469
1762056001,6,9709,90
1762059601,5.4,9720,79
1762066801,1.8,26569,13
1762070401,2.4,8243,69
1762074001,5.4,18138,46
1762077601,5.4,16511,55
1762081201,0,8360,4
1762084802,0,12291,7
1762088401,0,8361,4
1762092001,0,8361,4
1762095601,3.6,13666,85
1762099201,5.4,18606,66
1762102801,7.8,9671,120
1762106401,33.6,9538,315
1762110001,24,10200,241
1762113601,16.2,11678,127
1762117201,39,11102,306
1762120801,18.6,9077,245
1762124401,8.4,8890,130
1762128001,21.6,9077,351
1762131601,21,9688,250
1762135201,11.4,8546,139
1762138801,15.6,9110,227
1762142401,10.8,8907,167
